0	-18.636526	0.017365	7798.742188	-39.793514
1	-inf	0.000000	7949.685547	-96.033813
2	-inf	0.000000	7949.685547	-95.784485
3	-inf	0.000000	7949.685547	inf
4	-inf	0.000000	7949.685547	inf
5	-inf	0.000000	7949.685547	inf
6	-inf	0.000000	7949.685547	inf
7	-inf	0.000000	7949.685547	inf
8	-inf	0.000000	7949.685547	inf
9	-inf	0.000000	7949.685547	inf
10	-inf	0.000000	7949.685547	inf
11	-inf	0.000000	7949.685547	inf
12	-inf	0.000000	7949.685547	inf
13	-inf	0.000000	7949.685547	inf
14	-inf	0.000000	7949.685547	inf
15	-inf	0.000000	7949.685547	inf
16	-inf	0.000000	7949.685547	inf
17	-inf	0.000000	7949.685547	inf
18	-inf	0.000000	7949.685547	inf
19	-inf	0.000000	7949.685547	inf
20	-inf	0.000000	7949.685547	inf
21	-inf	0.000000	7949.685547	inf
22	-inf	0.000000	7949.685547	inf
23	-inf	0.000000	7949.685547	inf
24	-inf	0.000000	7949.685547	inf
25	-inf	0.000000	7949.685547	inf
26	-inf	0.000000	7949.685547	inf
27	-inf	0.000000	7949.685547	inf
28	-inf	0.000000	7949.685547	inf
29	-inf	0.000000	7949.685547	inf
30	-inf	0.000000	7949.685547	inf
31	-inf	0.000000	7949.685547	inf
32	-inf	0.000000	7949.685547	inf
33	-inf	0.000000	7949.685547	inf
34	-inf	0.000000	7949.685547	inf
35	-inf	0.000000	7949.685547	inf
36	-inf	0.000000	7949.685547	inf
37	-inf	0.000000	7949.685547	inf
38	-inf	0.000000	7949.685547	inf
39	-inf	0.000000	7949.685547	inf
40	-inf	0.000000	7949.685547	inf
41	-inf	0.000000	7949.685547	inf
42	-inf	0.000000	7949.685547	inf
43	-inf	0.000000	7949.685547	inf
44	-74.044312	0.000146	2515.723389	inf
45	-73.334526	0.000169	1962.264160	inf
46	-73.567276	0.000151	2465.408691	inf
47	-73.628639	0.000153	2364.779785	inf
48	-73.511314	0.000159	2213.836426	inf
49	-72.268456	0.000189	1710.691772	inf
50	-73.165703	0.000167	1559.748413	inf
51	-73.479652	0.000164	1911.949707	inf
52	-75.212776	0.000133	2566.037842	inf
53	-74.597733	0.000142	2817.610107	inf
54	-72.962502	0.000179	1559.748413	inf
55	-72.663033	0.000177	2163.521973	inf
56	-71.818260	0.000220	905.660400	inf
57	-72.245926	0.000190	1610.062866	inf
58	-72.418480	0.000197	1207.547119	inf
59	-69.502731	0.000292	402.515717	inf
60	-73.097076	0.000166	1911.949707	inf
61	-72.652779	0.000186	1610.062866	inf
62	-76.058144	0.000125	2163.521973	inf
63	-72.203735	0.000202	1157.232666	inf
64	-61.305840	0.000586	1207.547119	inf
65	-55.092903	0.001412	1257.861694	inf
66	-34.284912	0.011765	654.088074	inf
67	-28.397385	0.028974	452.830200	inf
68	-27.723070	0.022346	503.144653	inf
69	-23.827864	0.044724	955.974854	inf
70	-22.017462	0.053903	654.088074	inf
71	-21.686579	0.054271	1106.918213	inf
72	-18.599043	0.081596	955.974854	inf
73	-18.591763	0.085806	955.974854	inf
74	-18.295856	0.088477	905.660400	inf
75	-18.010601	0.085700	1006.289307	inf
76	-15.994376	0.116746	1106.918213	inf
77	-15.805840	0.120256	1106.918213	inf
78	-14.753725	0.136419	1006.289307	inf
79	-13.770391	0.142228	1106.918213	inf
80	-12.467856	0.175272	1106.918213	inf
81	-14.146855	0.145064	905.660400	inf
82	-16.333193	0.111485	754.716980	inf
83	-17.537424	0.093712	754.716980	inf
84	-16.925949	0.103179	553.459106	inf
85	-15.658299	0.129390	452.830200	inf
86	-17.763729	0.099658	503.144653	inf
87	-16.980431	0.112679	452.830200	inf
88	-17.300474	0.107565	352.201263	inf
89	-17.724272	0.096844	352.201263	inf
90	-18.180309	0.098423	301.886780	inf
91	-17.433880	0.107915	352.201263	inf
92	-19.686203	0.085393	352.201263	inf
93	-21.292202	0.073448	201.257858	inf
94	-23.059822	0.061624	251.572327	inf
95	-23.089272	0.062003	201.257858	inf
96	-25.463440	0.044740	201.257858	inf
97	-25.367649	0.043744	402.515717	inf
98	-29.280966	0.027985	251.572327	inf
99	-33.767887	0.016828	301.886780	inf
100	-37.786259	0.010446	251.572327	inf
101	-46.992172	0.003826	301.886780	inf
102	-43.523907	0.005719	352.201263	inf
103	-42.826370	0.005997	251.572327	inf
104	-46.513958	0.003682	603.773560	inf
105	-53.954475	0.001572	704.402527	inf
106	-59.611160	0.000844	1861.635254	inf
107	-59.234947	0.000888	1559.748413	inf
108	-56.106503	0.001184	1459.119507	inf
109	-52.790432	0.001789	754.716980	inf
110	-59.044823	0.000874	1610.062866	inf
111	-58.595703	0.000970	1408.805054	inf
112	-59.731197	0.000815	1811.320801	inf
113	-54.671555	0.001520	754.716980	inf
114	-56.182430	0.001345	754.716980	inf
115	-56.433922	0.001280	1056.603760	inf
116	-59.668819	0.000843	1408.805054	inf
117	-59.898403	0.000791	1660.377319	inf
118	-60.118069	0.000760	1710.691772	inf
119	-57.540302	0.001059	1106.918213	inf
120	-35.936592	0.011108	352.201263	inf
121	-35.430862	0.013002	251.572327	inf
122	-46.368217	0.003766	503.144653	inf
123	-48.457726	0.002971	352.201263	inf
124	-38.138878	0.010364	251.572327	inf
125	-29.891088	0.028494	201.257858	inf
126	-27.700562	0.037337	201.257858	inf
127	-26.121040	0.044147	201.257858	inf
128	-24.442766	0.052616	201.257858	inf
129	-23.006187	0.063366	201.257858	inf
130	-22.904650	0.062028	201.257858	inf
131	-22.894924	0.062252	201.257858	inf
132	-18.152258	0.095290	251.572327	inf
133	-16.274855	0.118259	402.515717	inf
134	-14.471786	0.138181	603.773560	inf
135	-13.064854	0.158956	754.716980	inf
136	-12.056952	0.186450	1006.289307	inf
137	-12.056732	0.199207	955.974854	inf
138	-13.908031	0.154344	1056.603760	inf
139	-14.746525	0.135791	1006.289307	inf
140	-14.743147	0.127309	754.716980	inf
141	-15.387617	0.120524	955.974854	inf
142	-14.067473	0.136345	855.345886	inf
143	-16.080835	0.117456	805.031433	inf
144	-21.529001	0.073312	603.773560	inf
145	-21.860043	0.066488	603.773560	inf
146	-18.852781	0.093505	352.201263	inf
147	-16.638948	0.116442	251.572327	inf
148	-15.201070	0.140436	654.088074	inf
149	-15.588634	0.130673	603.773560	inf
150	-18.153793	0.089008	452.830200	inf
151	-27.049328	0.034994	654.088074	inf
152	-27.524061	0.034977	201.257858	inf
153	-30.917242	0.024014	251.572327	inf
154	-32.570107	0.020813	251.572327	inf
155	-30.375505	0.026615	251.572327	inf
156	-30.277933	0.026916	251.572327	inf
157	-26.912130	0.040123	251.572327	inf
158	-23.246347	0.060768	301.886780	inf
159	-18.946152	0.099990	251.572327	inf
160	-17.302958	0.121278	251.572327	inf
161	-16.680262	0.127967	301.886780	inf
162	-16.504221	0.131217	251.572327	inf
163	-15.050432	0.155659	251.572327	inf
164	-15.345566	0.150527	251.572327	inf
165	-15.733929	0.145114	251.572327	inf
166	-15.540696	0.144274	251.572327	inf
167	-15.913185	0.140470	251.572327	inf
168	-17.010601	0.123581	251.572327	inf
169	-16.374050	0.128397	251.572327	inf
170	-16.409418	0.128999	251.572327	inf
171	-17.336445	0.111710	352.201263	inf
172	-17.061422	0.112277	553.459106	inf
173	-17.102083	0.113373	553.459106	inf
174	-17.826944	0.101696	805.031433	inf
175	-17.672487	0.103753	905.660400	inf
176	-18.898409	0.090355	855.345886	inf
177	-21.216597	0.067130	654.088074	inf
178	-20.672253	0.074463	553.459106	inf
179	-21.556309	0.066985	352.201263	inf
180	-22.977892	0.057024	301.886780	inf
181	-22.131414	0.065805	301.886780	inf
182	-25.090792	0.047205	201.257858	inf
183	-24.075422	0.053543	150.943390	inf
184	-25.423040	0.045252	150.943390	inf
185	-24.297632	0.053546	150.943390	inf
186	-27.413942	0.037487	150.943390	inf
187	-29.704857	0.028821	150.943390	inf
188	-32.611847	0.020958	150.943390	inf
189	-35.545784	0.014763	150.943390	inf
190	-36.485291	0.013218	150.943390	inf
191	-37.402195	0.011947	150.943390	inf
192	-40.166698	0.008664	150.943390	inf
193	-45.894604	0.004457	201.257858	inf
194	-48.987942	0.003167	150.943390	inf
195	-48.745403	0.003294	251.572327	inf
196	-52.456371	0.002116	402.515717	inf
197	-58.141750	0.000968	603.773560	inf
198	-65.580704	0.000431	1308.176147	inf
199	-65.598923	0.000431	1761.006348	inf
200	-65.036087	0.000440	1660.377319	inf
201	-64.563553	0.000474	1308.176147	inf
202	-55.901913	0.001209	704.402527	inf
203	-43.779819	0.004926	2163.521973	inf
204	-38.763527	0.008977	2364.779785	inf
205	-35.002048	0.014305	1962.264160	inf
206	-34.194687	0.016278	1257.861694	inf
207	-34.511223	0.014965	1861.635254	inf
208	-33.655743	0.016919	1308.176147	inf
209	-35.228779	0.014152	1408.805054	inf
210	-36.726204	0.012234	1207.547119	inf
211	-38.118725	0.009811	1710.691772	inf
212	-42.899292	0.005544	2364.779785	inf
213	-44.893749	0.004363	2867.924561	inf
214	-46.360889	0.003998	1962.264160	inf
215	-50.134842	0.002504	2415.094238	inf
216	-51.347080	0.002178	1861.635254	inf
217	-54.892738	0.001409	2465.408691	inf
218	-55.402794	0.001347	1911.949707	inf
219	-56.114975	0.001302	1761.006348	inf
220	-56.851318	0.001150	1408.805054	inf
221	-56.226746	0.001214	1509.433960	inf
222	-53.972919	0.001683	654.088074	inf
223	-53.321323	0.001836	704.402527	inf
224	-47.632336	0.003519	251.572327	inf
225	-43.470867	0.005567	352.201263	inf
226	-47.719826	0.003609	150.943390	inf
227	-49.235622	0.003032	402.515717	inf
228	-48.986378	0.003134	201.257858	inf
229	-53.471123	0.001789	452.830200	inf
230	-51.818745	0.002204	201.257858	inf
231	-54.444836	0.001504	754.716980	inf
232	-51.951244	0.002232	251.572327	inf
233	-53.346889	0.001850	503.144653	inf
234	-43.151180	0.006065	150.943390	inf
235	-29.674528	0.025535	251.572327	inf
236	-28.067797	0.033984	251.572327	inf
237	-20.939539	0.079727	201.257858	inf
238	-18.896379	0.101777	201.257858	inf
239	-19.821043	0.091037	150.943390	inf
240	-21.351311	0.074742	201.257858	inf
241	-21.396336	0.070201	301.886780	inf
242	-20.177176	0.083636	201.257858	inf
243	-19.941822	0.086846	251.572327	inf
244	-20.773489	0.066481	905.660400	inf
245	-22.189026	0.057741	855.345886	inf
246	-21.443810	0.062475	805.031433	inf
247	-21.964794	0.055903	654.088074	inf
248	-22.480986	0.051753	1056.603760	inf
249	-23.280495	0.046273	1207.547119	inf
250	-23.494852	0.048416	754.716980	inf
251	-25.200594	0.041204	704.402527	inf
252	-25.101683	0.038043	955.974854	inf
253	-26.812551	0.035457	603.773560	inf
254	-23.784121	0.045798	603.773560	inf
255	-25.089914	0.042578	553.459106	inf
256	-29.064480	0.025275	704.402527	inf
257	-30.023542	0.025133	352.201263	inf
258	-33.274006	0.019180	251.572327	inf
259	-35.541634	0.012702	553.459106	inf
260	-30.923557	0.022245	352.201263	inf
261	-27.812164	0.032871	251.572327	inf
262	-21.147161	0.067980	301.886780	inf
263	-19.496265	0.081807	503.144653	inf
264	-18.876152	0.088461	452.830200	inf
265	-18.932730	0.089933	503.144653	inf
266	-17.468033	0.107178	251.572327	inf
267	-17.079136	0.118501	201.257858	inf
268	-15.414545	0.144880	251.572327	inf
269	-14.606246	0.158521	352.201263	inf
270	-14.220076	0.159929	352.201263	inf
271	-14.807219	0.151290	201.257858	inf
272	-15.777691	0.130194	301.886780	inf
273	-16.498882	0.123877	352.201263	inf
274	-16.947460	0.119238	402.515717	inf
275	-15.572505	0.141247	201.257858	inf
276	-17.118265	0.113450	251.572327	inf
277	-20.320303	0.076318	301.886780	inf
278	-22.346079	0.066255	301.886780	inf
279	-25.939362	0.042019	201.257858	inf
280	-30.835445	0.023014	553.459106	inf
281	-27.436449	0.037160	201.257858	inf
282	-35.644741	0.013927	251.572327	inf
283	-38.547523	0.010470	201.257858	inf
284	-40.121742	0.008613	201.257858	inf
285	-48.850742	0.002754	754.716980	inf
286	-50.122536	0.002610	805.031433	inf
287	-58.766567	0.000867	1459.119507	inf
288	-58.734886	0.000945	1308.176147	inf
289	-61.681202	0.000669	1559.748413	inf
290	-58.035339	0.001029	1106.918213	inf
291	-61.228405	0.000700	1308.176147	inf
292	-53.973564	0.001233	1509.433960	inf
293	-45.931625	0.003908	1106.918213	inf
294	-47.314339	0.003552	1056.603760	inf
295	-53.739784	0.001606	1408.805054	inf
296	-48.160229	0.003122	654.088074	inf
297	-57.763275	0.001080	1308.176147	inf
298	-58.290062	0.000969	1459.119507	inf
299	-52.783268	0.001808	704.402527	inf
300	-61.276608	0.000693	2062.893066	inf
301	-59.200871	0.000908	1257.861694	inf
302	-60.505924	0.000750	1559.748413	inf
303	-62.148823	0.000603	1761.006348	inf
304	-58.299641	0.000927	1559.748413	inf
305	-60.458694	0.000730	1509.433960	inf
306	-57.768280	0.001036	754.716980	inf
307	-60.505074	0.000738	1157.232666	inf
308	-59.176105	0.000918	955.974854	inf
309	-57.489922	0.001093	754.716980	inf
310	-56.304718	0.001290	754.716980	inf
311	-55.549229	0.001344	603.773560	inf
312	-54.555489	0.001566	452.830200	inf
313	-55.669834	0.001378	452.830200	inf
314	-53.346260	0.001777	452.830200	inf
315	-57.454338	0.001099	654.088074	inf
316	-53.289722	0.001858	452.830200	inf
317	-45.831776	0.003699	452.830200	inf
318	-38.290394	0.009585	352.201263	inf
319	-35.410294	0.012282	150.943390	inf
320	-32.879658	0.018235	251.572327	inf
321	-34.799809	0.013096	251.572327	inf
322	-29.627172	0.027251	301.886780	inf
323	-24.734844	0.045244	251.572327	inf
324	-22.956333	0.056961	201.257858	inf
325	-22.964962	0.057673	251.572327	inf
326	-21.840679	0.065959	251.572327	inf
327	-20.457722	0.075973	251.572327	inf
328	-18.643482	0.099817	251.572327	inf
329	-17.009073	0.111593	201.257858	inf
330	-15.155571	0.138847	352.201263	inf
331	-14.576830	0.152846	352.201263	inf
332	-13.911668	0.166475	352.201263	inf
333	-13.602832	0.175808	201.257858	inf
334	-13.675488	0.174093	352.201263	inf
335	-11.239099	0.232654	251.572327	inf
336	-10.597849	0.256358	251.572327	inf
337	-10.894197	0.247183	251.572327	inf
338	-11.878250	0.215076	251.572327	inf
339	-13.957782	0.172014	352.201263	inf
340	-11.572694	0.228835	251.572327	inf
341	-10.959780	0.246786	251.572327	inf
342	-11.589367	0.228065	251.572327	inf
343	-11.607750	0.227159	251.572327	inf
344	-11.026787	0.241701	251.572327	inf
345	-11.037526	0.244386	251.572327	inf
346	-11.135624	0.240784	251.572327	inf
347	-10.371105	0.262080	301.886780	inf
348	-10.147519	0.271250	251.572327	inf
349	-10.715845	0.257046	251.572327	inf
350	-10.674684	0.260368	301.886780	inf
351	-10.904442	0.251900	251.572327	inf
352	-11.273956	0.241013	301.886780	inf
353	-11.729879	0.230264	251.572327	inf
354	-11.857674	0.225143	251.572327	inf
355	-12.111125	0.218271	251.572327	inf
356	-12.805185	0.202415	251.572327	inf
357	-12.875847	0.201630	251.572327	inf
358	-12.129258	0.216214	352.201263	inf
359	-10.845274	0.243190	452.830200	inf
360	-11.674580	0.212207	452.830200	inf
361	-12.467072	0.189280	553.459106	inf
362	-11.478281	0.213080	654.088074	inf
363	-12.362227	0.198668	553.459106	inf
364	-13.049410	0.177593	553.459106	inf
365	-11.847163	0.209440	503.144653	inf
366	-13.459627	0.177257	251.572327	inf
367	-14.121628	0.163217	251.572327	inf
368	-13.790876	0.165119	251.572327	inf
369	-14.666112	0.154720	352.201263	inf
370	-15.182612	0.145786	402.515717	inf
371	-16.735836	0.119365	201.257858	inf
372	-16.101978	0.132528	251.572327	inf
373	-17.827358	0.110158	251.572327	inf
374	-20.017527	0.082623	251.572327	inf
375	-20.398539	0.081009	251.572327	inf
376	-20.976053	0.075798	251.572327	inf
377	-23.876513	0.052978	201.257858	inf
378	-23.965002	0.055715	150.943390	inf
379	-25.336056	0.047818	150.943390	inf
380	-26.174124	0.044011	150.943390	inf
381	-29.603331	0.029861	150.943390	inf
382	-33.217228	0.019309	150.943390	inf
383	-34.948486	0.015961	150.943390	inf
384	-37.891644	0.011483	150.943390	inf
385	-43.558334	0.005786	201.257858	inf
386	-50.578026	0.002574	251.572327	inf
387	-58.883209	0.000997	654.088074	inf
388	-59.336166	0.000901	553.459106	inf
389	-62.333771	0.000633	1006.289307	inf
390	-62.045738	0.000655	1006.289307	inf
391	-61.004158	0.000710	1257.861694	inf
392	-59.990952	0.000829	654.088074	inf
393	-63.957241	0.000513	1207.547119	inf
394	-62.006683	0.000637	1006.289307	inf
395	-63.727455	0.000497	1660.377319	inf
396	-64.666924	0.000455	1559.748413	inf
397	-63.726974	0.000544	1056.603760	inf
398	-63.680359	0.000521	1358.490601	inf
399	-61.333656	0.000686	1207.547119	inf
400	-57.927048	0.001031	905.660400	inf
401	-49.732376	0.002812	402.515717	inf
402	-56.123707	0.001359	603.773560	inf
403	-59.982533	0.000761	1358.490601	inf
404	-58.147289	0.001063	754.716980	inf
405	-56.481174	0.001261	704.402527	inf
406	-60.297913	0.000820	855.345886	inf
407	-61.293938	0.000700	1459.119507	inf
408	-59.720802	0.000792	1157.232666	inf
409	-57.258347	0.001101	553.459106	inf
410	-57.829651	0.001030	1207.547119	inf
411	-58.731468	0.000922	1056.603760	inf
412	-61.109463	0.000727	1056.603760	inf
413	-61.259918	0.000665	1308.176147	inf
414	-61.589661	0.000696	905.660400	inf
415	-61.557987	0.000678	1308.176147	inf
416	-59.128502	0.000869	1006.289307	inf
417	-49.529194	0.002893	402.515717	inf
418	-50.773026	0.002374	553.459106	inf
419	-52.466827	0.001852	603.773560	inf
420	-55.773857	0.001341	754.716980	inf
421	-54.768517	0.001502	452.830200	inf
422	-56.865234	0.001160	805.031433	inf
423	-59.946678	0.000808	1358.490601	inf
424	-60.846134	0.000686	1509.433960	inf
425	-59.521236	0.000867	855.345886	inf
426	-59.720207	0.000807	1358.490601	inf
427	-54.290874	0.001534	704.402527	inf
428	-53.034039	0.001921	100.628929	inf
429	-51.367706	0.002225	402.515717	inf
430	-52.527908	0.001790	754.716980	inf
431	-55.818161	0.001262	1257.861694	inf
432	-55.406395	0.001404	1106.918213	inf
433	-55.222431	0.001351	955.974854	inf
434	-54.701656	0.001584	301.886780	inf
435	-58.533581	0.000908	1006.289307	inf
436	-57.979927	0.001062	1056.603760	inf
437	-61.172977	0.000700	1207.547119	inf
438	-57.972359	0.001052	553.459106	inf
439	-56.561871	0.001240	805.031433	inf
440	-58.200981	0.000987	1157.232666	inf
441	-57.105171	0.001071	1308.176147	inf
442	-60.242039	0.000763	1610.062866	inf
443	-59.159992	0.000873	1459.119507	inf
444	-56.894306	0.001152	1308.176147	inf
445	-57.606171	0.001079	1157.232666	inf
446	-56.497135	0.001116	1207.547119	inf
447	-55.654732	0.001317	603.773560	inf
448	-57.108524	0.001205	805.031433	inf
449	-57.065235	0.001106	1006.289307	inf
450	-56.845482	0.001181	1207.547119	inf
451	-52.997105	0.001859	553.459106	inf
452	-39.295074	0.008012	805.031433	inf
453	-44.182713	0.004581	855.345886	inf
454	-47.249035	0.003567	754.716980	inf
455	-39.956371	0.006544	1106.918213	inf
456	-24.831448	0.038586	805.031433	inf
457	-21.736412	0.054878	805.031433	inf
458	-15.542362	0.102949	503.144653	inf
459	-10.840782	0.226204	1006.289307	inf
460	-11.626078	0.193827	855.345886	inf
461	-11.585053	0.202917	603.773560	inf
462	-11.149924	0.201831	805.031433	inf
463	-11.331135	0.202725	754.716980	inf
464	-12.941428	0.183061	553.459106	inf
465	-13.151646	0.168888	805.031433	inf
466	-13.167397	0.164462	452.830200	inf
467	-13.460001	0.162670	654.088074	inf
468	-12.999618	0.170101	553.459106	inf
469	-13.100293	0.176338	503.144653	inf
470	-12.221041	0.168338	905.660400	inf
471	-14.044045	0.145026	955.974854	inf
472	-14.666770	0.147427	704.402527	inf
473	-15.206040	0.146442	704.402527	inf
474	-14.317131	0.157371	553.459106	inf
475	-17.117437	0.108998	905.660400	inf
476	-17.279116	0.108430	654.088074	inf
477	-21.673038	0.060209	805.031433	inf
478	-24.311317	0.044915	503.144653	inf
479	-28.387758	0.028914	654.088074	inf
480	-34.187817	0.015479	654.088074	inf
481	-35.277290	0.011405	1056.603760	inf
482	-28.215357	0.031334	1660.377319	inf
483	-29.925827	0.025741	1207.547119	inf
484	-16.765268	0.103217	452.830200	inf
485	-15.194733	0.146331	503.144653	inf
486	-12.870296	0.183057	503.144653	inf
487	-16.082867	0.130044	452.830200	inf
488	-15.807803	0.118788	704.402527	inf
489	-24.027807	0.051449	905.660400	inf
490	-22.954041	0.057580	503.144653	inf
491	-30.833384	0.025240	352.201263	inf
492	-31.224186	0.023733	150.943390	inf
493	-30.590721	0.024567	301.886780	inf
494	-31.255150	0.019745	654.088074	inf
495	-18.566643	0.091119	654.088074	inf
496	-21.600323	0.071092	704.402527	inf
497	-20.181797	0.076769	955.974854	inf
498	-18.998203	0.083222	855.345886	inf
499	-16.416508	0.113738	905.660400	inf
500	-20.217093	0.079408	704.402527	inf
501	-18.978642	0.090191	805.031433	inf
502	-19.674212	0.077970	1056.603760	inf
503	-18.709101	0.074508	1056.603760	inf
504	-17.537281	0.107033	704.402527	inf
505	-20.343555	0.070146	1106.918213	inf
506	-28.774918	0.029353	1106.918213	inf
507	-22.197437	0.060796	603.773560	inf
508	-27.967642	0.033768	855.345886	inf
509	-20.392273	0.079511	503.144653	inf
510	-28.432558	0.027436	654.088074	inf
511	-22.722015	0.061846	503.144653	inf
512	-24.530445	0.040283	503.144653	inf
513	-25.298588	0.043836	452.830200	inf
514	-22.606901	0.057196	452.830200	inf
515	-27.103115	0.038098	503.144653	inf
516	-23.985519	0.052571	452.830200	inf
517	-34.147194	0.017132	452.830200	inf
518	-28.511305	0.029876	452.830200	inf
519	-33.601093	0.017492	251.572327	inf
520	-30.843039	0.020230	251.572327	inf
521	-28.309246	0.029824	251.572327	inf
522	-35.632355	0.012896	301.886780	inf
523	-41.887684	0.006511	352.201263	inf
524	-47.133606	0.003738	251.572327	inf
525	-48.603271	0.003249	251.572327	inf
526	-49.542076	0.002862	301.886780	inf
527	-52.901253	0.001991	503.144653	inf
528	-49.666145	0.002767	150.943390	inf
529	-50.956654	0.002490	352.201263	inf
530	-54.390472	0.001454	1006.289307	inf
531	-57.661766	0.001035	855.345886	inf
532	-56.324532	0.001297	855.345886	inf
533	-58.787663	0.000925	1106.918213	inf
534	-58.128159	0.000984	1106.918213	inf
535	-54.896343	0.001587	503.144653	inf
536	-55.955364	0.001314	603.773560	inf
537	-52.017094	0.002177	503.144653	inf
538	-49.300911	0.002747	251.572327	inf
539	-48.045792	0.003125	754.716980	inf
540	-47.910519	0.003335	402.515717	inf
541	-44.400097	0.004873	251.572327	inf
542	-48.698036	0.003096	402.515717	inf
543	-55.251015	0.001341	955.974854	inf
544	-50.209206	0.002602	452.830200	inf
545	-47.955444	0.003302	301.886780	inf
546	-53.266453	0.001801	704.402527	inf
547	-54.920403	0.001378	905.660400	inf
548	-51.979515	0.002190	402.515717	inf
549	-49.273121	0.002976	352.201263	inf
550	-50.529102	0.002684	150.943390	inf
551	-50.677834	0.002508	301.886780	inf
552	-55.837601	0.001230	1207.547119	inf
553	-56.969002	0.001213	603.773560	inf
554	-59.815655	0.000804	1056.603760	inf
555	-56.659397	0.001188	1308.176147	inf
556	-57.023762	0.001136	1056.603760	inf
557	-58.146580	0.001025	905.660400	inf
558	-56.935680	0.001119	704.402527	inf
559	-57.386436	0.001183	452.830200	inf
560	-53.564930	0.001777	654.088074	inf
561	-52.009323	0.002205	301.886780	inf
562	-53.503769	0.001776	704.402527	inf
563	-53.419685	0.001779	553.459106	inf
564	-50.206905	0.002557	452.830200	inf
565	-53.255440	0.001792	603.773560	inf
566	-50.655159	0.002370	603.773560	inf
567	-52.513863	0.001725	704.402527	inf
568	-54.967102	0.001445	805.031433	inf
569	-54.910297	0.001448	905.660400	inf
570	-55.110966	0.001433	754.716980	inf
571	-57.919323	0.001041	1157.232666	inf
572	-55.460262	0.001318	855.345886	inf
573	-57.316418	0.001026	1207.547119	inf
574	-55.078358	0.001415	905.660400	inf
575	-58.238396	0.000994	704.402527	inf
576	-57.814705	0.001048	1106.918213	inf
577	-54.640942	0.001508	1106.918213	inf
578	-49.815735	0.002635	251.572327	inf
579	-51.159073	0.002247	654.088074	inf
580	-55.968342	0.001334	704.402527	inf
581	-55.850777	0.001323	654.088074	inf
582	-53.452583	0.001778	352.201263	inf
583	-54.766468	0.001426	955.974854	inf
584	-56.863773	0.001062	1006.289307	inf
585	-58.825924	0.000950	1056.603760	inf
586	-59.448360	0.000861	1408.805054	inf
587	-58.747429	0.000902	1257.861694	inf
588	-57.414742	0.001103	654.088074	inf
589	-56.522770	0.001234	452.830200	inf
590	-58.272533	0.000984	1006.289307	inf
591	-57.180973	0.001100	805.031433	inf
592	-54.048428	0.001634	301.886780	inf
593	-57.421562	0.001111	905.660400	inf
594	-58.028927	0.001000	704.402527	inf
595	-57.842091	0.001070	855.345886	inf
596	-57.928802	0.001003	1207.547119	inf
597	-55.903904	0.001263	654.088074	inf
598	-57.074043	0.001168	754.716980	inf
599	-57.759048	0.001028	704.402527	inf
600	-58.955246	0.000904	955.974854	inf
601	-56.568920	0.001168	905.660400	inf
602	-54.700043	0.001522	503.144653	inf
603	-53.356617	0.001762	754.716980	inf
604	-53.080944	0.001989	201.257858	inf
605	-55.550762	0.001418	654.088074	inf
606	-59.937374	0.000794	955.974854	inf
607	-54.764038	0.001601	301.886780	inf
608	-52.362137	0.002016	352.201263	inf
609	-55.146332	0.001423	654.088074	inf
610	-59.652409	0.000864	955.974854	inf
611	-57.839397	0.001088	654.088074	inf
612	-57.156631	0.001151	704.402527	inf
613	-59.592823	0.000839	1056.603760	inf
614	-57.275135	0.001133	905.660400	inf
615	-58.262016	0.000886	1962.264160	inf
616	-55.471325	0.001387	1207.547119	inf
617	-53.122353	0.001692	1207.547119	inf
618	-54.354202	0.001595	1207.547119	inf
619	-56.389309	0.001180	1257.861694	inf
620	-58.044628	0.000970	1207.547119	inf
621	-54.681988	0.001443	1358.490601	inf
622	-55.754486	0.001185	1559.748413	inf
623	-57.330395	0.001063	1308.176147	inf
624	-57.301414	0.001128	1358.490601	inf
625	-57.240139	0.001134	1257.861694	inf
626	-55.600456	0.001419	955.974854	inf
627	-58.081718	0.001013	1308.176147	inf
628	-58.422211	0.000970	1157.232666	inf
629	-56.679642	0.001284	553.459106	inf
630	-55.614185	0.001453	603.773560	inf
631	-52.790268	0.001977	301.886780	inf
632	-52.797714	0.002059	100.628929	inf
633	-55.936024	0.001302	603.773560	inf
634	-61.518936	0.000632	1157.232666	inf
635	-61.200153	0.000671	1207.547119	inf
636	-59.677120	0.000824	1056.603760	inf
637	-59.347942	0.000833	1006.289307	inf
638	-62.618229	0.000592	1459.119507	inf
639	-62.092716	0.000617	1207.547119	inf
640	-62.822418	0.000572	1660.377319	inf
641	-61.382141	0.000698	1207.547119	inf
642	-58.195457	0.001051	603.773560	inf
643	-58.134323	0.001007	855.345886	inf
644	-62.267731	0.000617	1157.232666	inf
645	-61.571289	0.000660	1459.119507	inf
646	-58.648567	0.001024	452.830200	inf
647	-60.180706	0.000822	905.660400	inf
648	-60.948578	0.000743	754.716980	inf
649	-60.854099	0.000775	553.459106	inf
650	-60.446854	0.000776	805.031433	inf
651	-61.110737	0.000756	603.773560	inf
652	-63.448952	0.000559	905.660400	inf
653	-63.478527	0.000542	1257.861694	inf
654	-61.163055	0.000737	754.716980	inf
655	-63.346252	0.000554	1257.861694	inf
656	-58.662533	0.000990	704.402527	inf
657	-58.518330	0.001019	553.459106	inf
658	-61.746811	0.000687	905.660400	inf
659	-62.439713	0.000571	1157.232666	inf
660	-63.411083	0.000501	1660.377319	inf
661	-62.070385	0.000661	855.345886	inf
662	-64.077026	0.000520	1157.232666	inf
663	-64.427681	0.000498	1358.490601	inf
664	-64.496117	0.000478	1308.176147	inf
665	-64.111023	0.000520	1408.805054	inf
666	-62.995174	0.000554	1811.320801	inf
667	-60.270222	0.000807	754.716980	inf
668	-63.354401	0.000583	1157.232666	inf
669	-59.424492	0.000854	1710.691772	inf
670	-58.217487	0.000972	2163.521973	inf
671	-56.462631	0.001187	2716.981201	inf
672	-55.547298	0.001339	2767.295654	inf
673	-56.943775	0.001161	2415.094238	inf
674	-56.690067	0.001160	2364.779785	inf
675	-58.454906	0.000966	2012.578613	inf
676	-58.238415	0.000966	1559.748413	inf
677	-58.947483	0.000939	1257.861694	inf
678	-58.623417	0.000981	1157.232666	inf
679	-59.343224	0.000936	1106.918213	inf
680	-64.092888	0.000503	1509.433960	-67.467072
681	-64.902107	0.000467	1710.691772	-68.564018
682	-65.550293	0.000410	1811.320801	-67.867371
683	-64.686966	0.000460	2012.578613	-66.955772
684	-65.565559	0.000414	1911.949707	-69.330833
685	-64.363136	0.000470	1811.320801	-67.037079
686	-66.833260	0.000368	1660.377319	-70.241951
687	-67.127716	0.000364	1610.062866	-70.149284
688	-66.879227	0.000371	1459.119507	-70.475037
689	-66.522408	0.000348	1610.062866	-68.457367
690	-68.349998	0.000292	2213.836426	-70.294083
691	-65.879601	0.000387	1358.490601	-69.026680
692	-69.043221	0.000278	1509.433960	-72.961983
693	-66.615913	0.000368	1157.232666	-69.919273
694	-66.709930	0.000362	1408.805054	-70.588394
695	-66.946404	0.000363	955.974854	-68.775169
696	-68.316933	0.000309	805.031433	-74.235481
697	-71.466354	0.000206	2012.578613	-76.460052
698	-68.379845	0.000296	1509.433960	-71.564621
699	-68.546822	0.000321	805.031433	-70.492729
700	-69.653900	0.000265	1157.232666	-74.927124
701	-67.692650	0.000322	1911.949707	-68.184181
702	-66.448471	0.000391	955.974854	-70.709320
703	-71.464233	0.000221	1056.603760	-75.355812
704	-72.984558	0.000166	2062.893066	-75.534592
705	-68.004349	0.000316	805.031433	-69.866982
706	-70.974762	0.000225	1610.062866	-73.529678
707	-67.613869	0.000349	905.660400	-70.305351
708	-67.933090	0.000337	805.031433	-71.504936
709	-66.302864	0.000421	704.402527	-68.842506
710	-69.231392	0.000286	1006.289307	-74.005760
711	-73.071365	0.000175	2012.578613	-76.501579
712	-70.381805	0.000253	1106.918213	-73.092934
713	-71.913429	0.000210	955.974854	-74.111290
714	-71.076881	0.000228	1006.289307	-75.291931
715	-75.817108	0.000125	2314.465332	-78.509682
716	-76.427322	0.000115	2465.408691	-78.035332
717	-77.315018	0.000104	2465.408691	-79.671776
718	-72.285538	0.000193	1660.377319	-74.335854
719	-73.405380	0.000185	955.974854	-75.832222
720	-72.463272	0.000192	1308.176147	-76.739273
721	-76.106346	0.000130	1509.433960	-80.196396
722	-73.871391	0.000163	1610.062866	-75.819786
723	-73.974945	0.000160	1811.320801	-75.759598
724	-72.326813	0.000203	1459.119507	-76.503838
725	-76.327431	0.000123	2364.779785	-79.801414
726	-77.334129	0.000105	2515.723389	-79.965790
727	-75.780594	0.000130	2163.521973	-79.325294
728	-73.531792	0.000167	1559.748413	-75.930199
729	-73.811394	0.000146	2264.150879	-77.193314
730	-74.345779	0.000156	1257.861694	-76.816910
731	-76.278870	0.000123	1962.264160	-78.327545
732	-73.822960	0.000172	1006.289307	-77.016258
733	-72.351501	0.000212	503.144653	-75.410698
734	-75.483833	0.000132	1710.691772	-79.603523
735	-78.460312	0.000090	2566.037842	-80.641769
736	-78.388206	0.000094	1861.635254	-80.826431
737	-81.877449	0.000061	3371.069092	-83.149033
738	-79.268822	0.000087	2364.779785	-80.298622
739	-78.147339	0.000099	2113.207520	-80.076454
740	-80.196465	0.000077	2515.723389	-81.581612
741	-79.982307	0.000076	2465.408691	-83.338203
742	-79.929756	0.000073	3220.125732	-83.544449
743	-81.631378	0.000058	3572.327148	-83.607758
744	-82.411430	0.000054	3723.270508	-84.650742
745	-78.515633	0.000093	1911.949707	-80.289528
746	-80.566185	0.000080	1257.861694	-83.664780
747	-80.967171	0.000069	2566.037842	-82.442200
748	-79.553528	0.000082	2012.578613	-82.650551
749	-84.343025	0.000047	3169.811279	-85.945000
750	-82.586700	0.000054	3371.069092	-83.485405
751	-83.212059	0.000052	3119.496826	-84.588600
752	-80.600883	0.000068	2968.553467	-83.309319
753	-82.856300	0.000053	3169.811279	-84.196365
754	-84.268089	0.000046	3069.182373	-87.420876
755	-83.429253	0.000050	3069.182373	-84.344414
756	-80.125633	0.000073	2666.666748	-81.966591
757	-79.011696	0.000095	1257.861694	-82.916183
758	-79.989868	0.000073	2364.779785	-80.670242
759	-79.673790	0.000083	1861.635254	-83.645233
760	-80.112640	0.000068	3371.069092	-84.420944
761	-84.496902	0.000043	3320.754639	-85.802849
762	-82.076706	0.000060	2264.150879	-82.767838
763	-82.712318	0.000056	2465.408691	-85.436584
764	-85.430550	0.000034	4779.874023	-86.164673
765	-84.678642	0.000042	3421.383545	-86.859398
766	-51.586678	0.001539	704.402527	-50.666512
767	-31.523151	0.022253	150.943390	-33.462307
768	-33.492710	0.018601	100.628929	-38.066681
769	-33.654884	0.018800	100.628929	-37.318073
770	-38.029751	0.010722	100.628929	-43.704929
771	-48.795700	0.003005	150.943390	-55.999454
772	-61.331421	0.000694	1056.603760	-63.870628
773	-59.146057	0.000908	955.974854	-62.700317
774	-62.613426	0.000604	1257.861694	-65.644081
775	-59.898453	0.000835	754.716980	-65.614967
776	-65.403618	0.000408	1861.635254	-69.331024
777	-65.359283	0.000446	1408.805054	-68.644890
778	-66.384224	0.000385	1408.805054	-69.572044
779	-65.653404	0.000403	2012.578613	-69.265152
780	-64.760704	0.000472	1308.176147	-67.870094
781	-62.067657	0.000657	754.716980	-66.846344
782	-64.237801	0.000523	955.974854	-67.617722
783	-63.909718	0.000506	1358.490601	-66.289848
784	-62.294918	0.000642	955.974854	-66.198959
785	-63.682186	0.000539	1106.918213	-66.178734
786	-64.075211	0.000476	1358.490601	-67.860146
787	-65.766556	0.000414	1257.861694	-68.109253
788	-66.464233	0.000382	1257.861694	-69.640884
789	-66.418335	0.000403	1106.918213	-68.679306
