7798.742188
7949.685547
7949.685547
7949.685547
7949.685547
7949.685547
7949.685547
7949.685547
7949.685547
7949.685547
7949.685547
7949.685547
7949.685547
7949.685547
7949.685547
7949.685547
7949.685547
7949.685547
7949.685547
7949.685547
7949.685547
7949.685547
7949.685547
7949.685547
7949.685547
7949.685547
7949.685547
7949.685547
7949.685547
7949.685547
7949.685547
7949.685547
7949.685547
7949.685547
7949.685547
7949.685547
7949.685547
7949.685547
7949.685547
7949.685547
7949.685547
7949.685547
7949.685547
7949.685547
2515.723389
1962.264160
2465.408691
2364.779785
2213.836426
1710.691772
1559.748413
1911.949707
2566.037842
2817.610107
1559.748413
2163.521973
905.660400
1610.062866
1207.547119
402.515717
1911.949707
1610.062866
2163.521973
1157.232666
1207.547119
1257.861694
654.088074
452.830200
503.144653
955.974854
654.088074
1106.918213
955.974854
955.974854
905.660400
1006.289307
1106.918213
1106.918213
1006.289307
1106.918213
1106.918213
905.660400
754.716980
754.716980
553.459106
452.830200
503.144653
452.830200
352.201263
352.201263
301.886780
352.201263
352.201263
201.257858
251.572327
201.257858
201.257858
402.515717
251.572327
301.886780
251.572327
301.886780
352.201263
251.572327
603.773560
704.402527
1861.635254
1559.748413
1459.119507
754.716980
1610.062866
1408.805054
1811.320801
754.716980
754.716980
1056.603760
1408.805054
1660.377319
1710.691772
1106.918213
352.201263
251.572327
503.144653
352.201263
251.572327
201.257858
201.257858
201.257858
201.257858
201.257858
201.257858
201.257858
251.572327
402.515717
603.773560
754.716980
1006.289307
955.974854
1056.603760
1006.289307
754.716980
955.974854
855.345886
805.031433
603.773560
603.773560
352.201263
251.572327
654.088074
603.773560
452.830200
654.088074
201.257858
251.572327
251.572327
251.572327
251.572327
251.572327
301.886780
251.572327
251.572327
301.886780
251.572327
251.572327
251.572327
251.572327
251.572327
251.572327
251.572327
251.572327
251.572327
352.201263
553.459106
553.459106
805.031433
905.660400
855.345886
654.088074
553.459106
352.201263
301.886780
301.886780
201.257858
150.943390
150.943390
150.943390
150.943390
150.943390
150.943390
150.943390
150.943390
150.943390
150.943390
201.257858
150.943390
251.572327
402.515717
603.773560
1308.176147
1761.006348
1660.377319
1308.176147
704.402527
2163.521973
2364.779785
1962.264160
1257.861694
1861.635254
1308.176147
1408.805054
1207.547119
1710.691772
2364.779785
2867.924561
1962.264160
2415.094238
1861.635254
2465.408691
1911.949707
1761.006348
1408.805054
1509.433960
654.088074
704.402527
251.572327
352.201263
150.943390
402.515717
201.257858
452.830200
201.257858
754.716980
251.572327
503.144653
150.943390
251.572327
251.572327
201.257858
201.257858
150.943390
201.257858
301.886780
201.257858
251.572327
905.660400
855.345886
805.031433
654.088074
1056.603760
1207.547119
754.716980
704.402527
955.974854
603.773560
603.773560
553.459106
704.402527
352.201263
251.572327
553.459106
352.201263
251.572327
301.886780
503.144653
452.830200
503.144653
251.572327
201.257858
251.572327
352.201263
352.201263
201.257858
301.886780
352.201263
402.515717
201.257858
251.572327
301.886780
301.886780
201.257858
553.459106
201.257858
251.572327
201.257858
201.257858
754.716980
805.031433
1459.119507
1308.176147
1559.748413
1106.918213
1308.176147
1509.433960
1106.918213
1056.603760
1408.805054
654.088074
1308.176147
1459.119507
704.402527
2062.893066
1257.861694
1559.748413
1761.006348
1559.748413
1509.433960
754.716980
1157.232666
955.974854
754.716980
754.716980
603.773560
452.830200
452.830200
452.830200
654.088074
452.830200
452.830200
352.201263
150.943390
251.572327
251.572327
301.886780
251.572327
201.257858
251.572327
251.572327
251.572327
251.572327
201.257858
352.201263
352.201263
352.201263
201.257858
352.201263
251.572327
251.572327
251.572327
251.572327
352.201263
251.572327
251.572327
251.572327
251.572327
251.572327
251.572327
251.572327
301.886780
251.572327
251.572327
301.886780
251.572327
301.886780
251.572327
251.572327
251.572327
251.572327
251.572327
352.201263
452.830200
452.830200
553.459106
654.088074
553.459106
553.459106
503.144653
251.572327
251.572327
251.572327
352.201263
402.515717
201.257858
251.572327
251.572327
251.572327
251.572327
251.572327
201.257858
150.943390
150.943390
150.943390
150.943390
150.943390
150.943390
150.943390
201.257858
251.572327
654.088074
553.459106
1006.289307
1006.289307
1257.861694
654.088074
1207.547119
1006.289307
1660.377319
1559.748413
1056.603760
1358.490601
1207.547119
905.660400
402.515717
603.773560
1358.490601
754.716980
704.402527
855.345886
1459.119507
1157.232666
553.459106
1207.547119
1056.603760
1056.603760
1308.176147
905.660400
1308.176147
1006.289307
402.515717
553.459106
603.773560
754.716980
452.830200
805.031433
1358.490601
1509.433960
855.345886
1358.490601
704.402527
100.628929
402.515717
754.716980
1257.861694
1106.918213
955.974854
301.886780
1006.289307
1056.603760
1207.547119
553.459106
805.031433
1157.232666
1308.176147
1610.062866
1459.119507
1308.176147
1157.232666
1207.547119
603.773560
805.031433
1006.289307
1207.547119
553.459106
805.031433
855.345886
754.716980
1106.918213
805.031433
805.031433
503.144653
1006.289307
855.345886
603.773560
805.031433
754.716980
553.459106
805.031433
452.830200
654.088074
553.459106
503.144653
905.660400
955.974854
704.402527
704.402527
553.459106
905.660400
654.088074
805.031433
503.144653
654.088074
654.088074
1056.603760
1660.377319
1207.547119
452.830200
503.144653
503.144653
452.830200
704.402527
905.660400
503.144653
352.201263
150.943390
301.886780
654.088074
654.088074
704.402527
955.974854
855.345886
905.660400
704.402527
805.031433
1056.603760
1056.603760
704.402527
1106.918213
1106.918213
603.773560
855.345886
503.144653
654.088074
503.144653
503.144653
452.830200
452.830200
503.144653
452.830200
452.830200
452.830200
251.572327
251.572327
251.572327
301.886780
352.201263
251.572327
251.572327
301.886780
503.144653
150.943390
352.201263
1006.289307
855.345886
855.345886
1106.918213
1106.918213
503.144653
603.773560
503.144653
251.572327
754.716980
402.515717
251.572327
402.515717
955.974854
452.830200
301.886780
704.402527
905.660400
402.515717
352.201263
150.943390
301.886780
1207.547119
603.773560
1056.603760
1308.176147
1056.603760
905.660400
704.402527
452.830200
654.088074
301.886780
704.402527
553.459106
452.830200
603.773560
603.773560
704.402527
805.031433
905.660400
754.716980
1157.232666
855.345886
1207.547119
905.660400
704.402527
1106.918213
1106.918213
251.572327
654.088074
704.402527
654.088074
352.201263
955.974854
1006.289307
1056.603760
1408.805054
1257.861694
654.088074
452.830200
1006.289307
805.031433
301.886780
905.660400
704.402527
855.345886
1207.547119
654.088074
754.716980
704.402527
955.974854
905.660400
503.144653
754.716980
201.257858
654.088074
955.974854
301.886780
352.201263
654.088074
955.974854
654.088074
704.402527
1056.603760
905.660400
1962.264160
1207.547119
1207.547119
1207.547119
1257.861694
1207.547119
1358.490601
1559.748413
1308.176147
1358.490601
1257.861694
955.974854
1308.176147
1157.232666
553.459106
603.773560
301.886780
100.628929
603.773560
1157.232666
1207.547119
1056.603760
1006.289307
1459.119507
1207.547119
1660.377319
1207.547119
603.773560
855.345886
1157.232666
1459.119507
452.830200
905.660400
754.716980
553.459106
805.031433
603.773560
905.660400
1257.861694
754.716980
1257.861694
704.402527
553.459106
905.660400
1157.232666
1660.377319
855.345886
1157.232666
1358.490601
1308.176147
1408.805054
1811.320801
754.716980
1157.232666
1710.691772
2163.521973
2716.981201
2767.295654
2415.094238
2364.779785
2012.578613
1559.748413
1257.861694
1157.232666
1106.918213
1509.433960
1710.691772
1811.320801
2012.578613
1911.949707
1811.320801
1660.377319
1610.062866
1459.119507
1610.062866
2213.836426
1358.490601
1509.433960
1157.232666
1408.805054
955.974854
805.031433
2012.578613
1509.433960
805.031433
1157.232666
1911.949707
955.974854
1056.603760
2062.893066
805.031433
1610.062866
905.660400
805.031433
704.402527
1006.289307
2012.578613
1106.918213
955.974854
1006.289307
2314.465332
2465.408691
2465.408691
1660.377319
955.974854
1308.176147
1509.433960
1610.062866
1811.320801
1459.119507
2364.779785
2515.723389
2163.521973
1559.748413
2264.150879
1257.861694
1962.264160
1006.289307
503.144653
1710.691772
2566.037842
1861.635254
3371.069092
2364.779785
2113.207520
2515.723389
2465.408691
3220.125732
3572.327148
3723.270508
1911.949707
1257.861694
2566.037842
2012.578613
3169.811279
3371.069092
3119.496826
2968.553467
3169.811279
3069.182373
3069.182373
2666.666748
1257.861694
2364.779785
1861.635254
3371.069092
3320.754639
2264.150879
2465.408691
4779.874023
3421.383545
704.402527
150.943390
100.628929
100.628929
100.628929
150.943390
1056.603760
955.974854
1257.861694
754.716980
1861.635254
1408.805054
1408.805054
2012.578613
1308.176147
754.716980
955.974854
1358.490601
955.974854
1106.918213
1358.490601
1257.861694
1257.861694
1106.918213
